Graph 100 kroB100 : 22141
-----------------
Start Minimal Spanning Tree : 
Solution:
	List Vertex : 0 89 20 94 97 11 70 26 8 24 45 60 34 93 56 6 83 57 51 42 49 54 21 22 87 76 15 1 12 62 30 47 50 77 16 40 44 35 95 91 18 43 41 13 63 32 14 5 3 82 81 23 17 88 86 59 73 65 53 33 31 58 75 98 7 28 96 90 27 2 10 92 84 72 52 69 38 39 66 4 61 25 68 74 29 48 85 67 9 79 19 37 99 55 80 78 46 64 36 71 0 
	Cost : 28942
	Node Count : 101

Time nano : 4724274 nanosecondes
Time : 0 secondes 4 millisecondes 724 microsecondes 274 nanosecondes

Start Random Approach : 
Solution:
	List Vertex : 29 64 11 72 7 15 70 69 86 47 81 62 19 8 82 1 78 84 97 63 39 93 54 71 90 96 30 65 94 83 89 61 5 59 52 75 66 41 48 85 34 24 40 43 13 91 26 6 20 67 46 80 50 0 25 55 49 12 31 35 18 44 16 95 17 36 22 87 74 68 27 76 32 23 60 10 37 57 38 99 88 58 53 28 14 51 73 77 2 33 56 21 79 98 3 42 4 45 92 9 29 
	Cost : 146886
	Node Count : 101

Time nano : 974321 nanosecondes
Time : 0 secondes 0 millisecondes 974 microsecondes 321 nanosecondes

Start Greedy approach : 
Solution:
	List Vertex : 0 94 97 11 70 26 60 34 93 56 33 6 83 57 51 53 42 88 86 59 73 65 3 82 5 14 32 63 13 41 1 12 77 16 44 35 95 91 18 43 40 17 23 76 15 49 54 21 22 87 36 71 64 78 80 46 55 99 25 68 61 4 66 39 38 69 52 72 84 92 10 2 27 90 96 98 7 28 31 58 75 89 20 85 48 29 74 79 19 37 45 24 8 67 9 81 47 30 62 50 0 
	Cost : 29136
	Node Count : 101

Time nano : 46661 nanosecondes
Time : 0 secondes 0 millisecondes 46 microsecondes 661 nanosecondes

Start Genetic approach : 
Solution:
	List Vertex : 91 41 30 15 12 16 1 49 33 34 51 80 84 9 79 28 71 36 57 69 52 48 87 64 78 4 46 74 38 97 11 31 58 7 98 94 2 27 10 39 19 67 60 85 0 75 56 99 37 92 96 90 70 26 53 59 95 44 35 40 21 22 68 55 25 29 66 61 65 88 17 43 13 5 24 8 93 20 72 89 77 6 83 45 50 32 47 81 3 63 54 76 23 42 82 73 86 62 14 18 91 
	Cost : 82257
	Node Count : 101

Time nano : 37264426 nanosecondes
Time : 0 secondes 37 millisecondes 264 microsecondes 426 nanosecondes

Graph 150 kroB150 : 26130
-----------------
Start Minimal Spanning Tree : 
Solution:
	List Vertex : 0 52 84 26 14 12 78 109 63 19 54 41 66 30 46 129 64 146 79 76 114 103 148 5 53 133 74 21 111 7 105 16 24 89 33 113 107 112 144 108 57 97 147 87 27 37 70 123 71 82 61 137 125 132 49 85 94 93 122 90 69 101 20 121 88 40 58 2 72 117 22 34 1 67 29 110 120 75 128 138 130 100 55 118 4 42 38 106 39 11 45 124 136 141 28 17 48 92 142 3 59 139 115 13 35 56 73 68 99 32 44 80 96 143 135 140 9 91 98 18 104 36 119 15 62 43 65 102 47 83 10 51 149 86 95 127 50 126 134 145 131 31 23 116 60 25 77 8 81 6 0 
	Cost : 35226
	Node Count : 151

Time nano : 20273355 nanosecondes
Time : 0 secondes 20 millisecondes 273 microsecondes 355 nanosecondes

Start Random Approach : 
Solution:
	List Vertex : 83 149 111 82 89 120 91 103 60 71 81 52 134 77 13 5 90 109 78 68 23 75 84 107 58 42 112 125 102 74 41 96 51 47 7 122 128 106 14 38 21 19 11 129 142 29 54 119 114 27 130 70 46 93 26 144 73 18 64 118 137 16 136 63 92 35 76 127 133 3 28 65 131 10 110 135 25 116 17 94 113 50 33 24 20 6 79 32 30 104 48 143 44 8 22 37 99 45 132 53 146 66 61 0 43 34 145 141 31 57 97 115 117 95 69 9 1 123 148 101 59 121 140 62 139 85 12 39 108 49 87 124 126 86 56 36 67 105 98 88 147 2 55 138 40 4 72 80 100 15 83 
	Cost : 236647
	Node Count : 151

Time nano : 1855898 nanosecondes
Time : 0 secondes 1 millisecondes 855 microsecondes 898 nanosecondes

Start Greedy approach : 
Solution:
	List Vertex : 0 52 84 26 14 12 78 109 63 19 54 41 66 30 46 5 148 53 133 74 21 111 7 105 16 24 89 33 144 108 97 147 87 27 38 37 70 123 71 82 61 137 112 107 113 125 100 55 118 4 42 85 132 49 94 93 122 90 69 110 120 75 130 138 20 121 88 40 58 2 72 117 68 73 56 35 99 32 44 80 96 143 135 9 91 98 140 18 104 142 92 48 17 28 36 119 15 134 145 50 126 62 43 65 102 127 83 10 51 149 95 86 47 13 3 115 59 139 114 76 79 146 64 129 106 103 1 34 67 29 22 101 128 57 39 11 45 124 141 131 31 116 23 60 25 77 8 81 6 136 0 
	Cost : 32767
	Node Count : 151

Time nano : 102927 nanosecondes
Time : 0 secondes 0 millisecondes 102 microsecondes 927 nanosecondes

Start Genetic approach : 
Solution:
	List Vertex : 73 35 67 23 15 86 91 143 51 149 47 119 145 44 139 7 87 147 46 120 14 52 112 22 148 5 133 26 84 48 141 8 36 39 79 64 101 85 110 130 100 38 146 106 11 92 13 121 70 49 138 123 113 21 66 105 144 89 33 107 16 34 137 54 114 58 65 104 96 32 99 31 0 41 125 4 122 78 29 27 55 37 53 24 97 57 111 93 19 81 25 6 17 60 80 127 56 1 71 108 103 12 61 45 116 74 20 72 69 75 128 118 63 59 117 88 142 140 3 9 2 28 43 77 50 126 131 42 94 90 76 68 98 134 135 109 30 82 132 40 129 136 124 95 62 10 83 18 102 115 73 
	Cost : 130765
	Node Count : 151

Time nano : 100957927 nanosecondes
Time : 0 secondes 100 millisecondes 957 microsecondes 927 nanosecondes


Graph 200 kroB200 : 29437
-----------------
Start Minimal Spanning Tree : 
Solution:
	List Vertex : 0 89 20 107 151 145 45 24 8 165 137 85 48 133 180 29 74 149 68 100 99 25 61 55 79 19 37 122 9 67 110 189 116 39 38 69 148 169 52 197 193 131 4 196 66 188 141 94 173 11 106 160 70 26 175 60 34 171 156 130 177 198 144 65 132 167 113 86 164 59 185 195 42 88 184 117 158 49 163 139 105 182 102 15 1 108 41 109 119 124 13 63 81 120 146 32 14 5 3 82 181 111 127 154 12 125 62 30 47 194 155 50 186 77 16 44 35 118 91 150 18 134 136 95 161 199 101 43 129 191 40 147 76 104 17 23 152 159 143 103 54 170 21 22 87 142 176 153 162 53 114 36 71 183 140 64 123 126 187 78 112 80 178 46 115 51 57 83 6 168 190 138 172 192 73 179 93 56 33 97 31 166 58 135 28 7 98 75 96 90 128 27 157 2 10 92 121 84 72 174 0 
	Cost : 40531
	Node Count : 201

Time nano : 55076801 nanosecondes
Time : 0 secondes 55 millisecondes 76 microsecondes 801 nanosecondes

Start Random Approach : 
Solution:
	List Vertex : 16 115 42 23 129 159 75 125 24 72 27 174 130 101 76 48 68 53 146 197 60 175 89 123 190 169 192 118 41 117 18 9 32 114 20 107 39 196 131 67 171 61 120 47 62 188 52 8 137 65 183 178 140 126 99 84 44 1 149 186 133 43 124 14 182 13 199 122 66 11 83 143 189 21 108 181 80 168 3 154 161 198 85 109 164 22 79 77 71 54 112 46 176 81 127 57 49 163 10 78 56 4 7 58 180 59 86 148 111 158 160 193 195 128 33 88 93 177 113 156 173 82 36 187 104 74 167 184 31 94 179 70 35 69 100 25 170 102 162 45 116 92 172 95 166 138 110 90 55 97 30 37 103 91 98 132 155 19 51 26 134 38 145 191 165 34 40 96 0 151 73 50 147 153 136 150 194 29 6 12 28 152 17 119 142 105 2 15 139 157 135 87 5 185 121 144 141 64 106 63 16 
	Cost : 304841
	Node Count : 201

Time nano : 4805255 nanosecondes
Time : 0 secondes 4 millisecondes 805 microsecondes 255 nanosecondes

Start Greedy approach : 
Solution:
	List Vertex : 0 94 97 173 11 160 70 26 175 179 93 56 33 168 57 83 6 51 115 162 53 153 190 176 142 170 87 21 22 103 143 192 159 152 23 17 104 76 102 182 139 105 158 49 163 184 117 13 124 119 41 108 1 154 12 125 186 62 30 47 194 155 120 81 63 32 146 14 111 127 50 109 77 16 191 40 147 101 199 18 150 91 118 95 136 161 134 129 43 35 44 15 54 138 172 114 36 71 183 140 64 123 126 187 78 112 178 80 46 100 149 68 25 99 55 61 131 4 196 66 39 116 189 188 110 67 9 122 141 84 121 72 52 169 148 69 197 38 193 74 29 180 133 48 85 137 165 107 151 37 19 79 145 45 24 8 89 20 2 157 10 92 27 128 90 96 98 7 28 135 58 166 174 31 75 106 34 60 171 156 130 198 177 73 164 59 185 195 42 88 86 113 167 132 65 144 3 82 181 5 0 
	Cost : 36509
	Node Count : 201

Time nano : 239179 nanosecondes
Time : 0 secondes 0 millisecondes 239 microsecondes 179 nanosecondes

Start Genetic approach : 
Solution:
	List Vertex : 31 174 166 179 57 187 140 188 116 67 148 96 90 157 4 84 94 169 49 153 7 13 5 34 89 151 72 122 45 11 20 136 147 127 172 138 63 109 30 43 134 158 142 87 80 180 85 129 40 118 149 131 0 39 126 191 125 16 44 155 120 41 186 95 171 168 173 198 183 46 68 25 9 24 70 119 12 163 192 81 111 65 21 190 154 82 42 59 164 54 32 36 162 176 22 145 51 3 2 135 185 73 160 130 133 107 98 97 56 93 137 61 52 66 196 161 35 199 18 143 47 101 76 132 77 115 19 79 177 181 146 50 1 103 33 26 92 37 110 197 48 71 8 83 108 102 152 14 182 17 88 62 159 150 91 178 170 104 23 86 167 124 139 105 123 99 100 141 75 121 106 64 113 175 29 53 74 38 189 193 69 165 144 117 195 60 114 6 194 27 10 156 28 112 78 55 184 15 128 58 31 
	Cost : 188991
	Node Count : 201

Time nano : 219543036 nanosecondes
Time : 0 secondes 219 millisecondes 543 microsecondes 36 nanosecondes


Graph 225 tsp225 : 3916
-----------------
Start Minimal Spanning Tree : 
Solution:
	List Vertex : 0 2 197 3 4 5 6 7 8 42 41 40 39 43 45 193 194 217 44 47 192 195 191 190 198 132 189 206 1 58 57 59 60 61 62 63 111 110 109 112 113 114 117 118 184 119 174 120 121 122 123 124 170 169 168 167 211 149 148 147 146 145 144 152 153 154 155 156 143 142 200 141 140 139 138 137 136 135 182 134 162 157 212 161 160 159 158 151 150 213 166 165 164 163 214 133 171 172 180 173 179 178 175 176 177 181 183 185 222 115 116 186 65 64 66 67 68 69 70 71 72 73 74 75 215 30 31 205 201 29 28 27 203 34 32 33 25 24 207 23 22 12 11 10 9 13 14 15 16 19 20 202 18 17 21 35 36 37 38 218 216 76 77 78 96 95 94 79 80 208 93 92 91 90 89 86 209 83 82 81 84 85 129 210 130 221 128 127 126 125 131 88 87 220 97 98 99 100 101 102 103 219 104 105 106 107 108 48 50 49 56 55 54 51 53 52 224 46 188 26 187 223 204 196 199 0 
	Cost : 5171
	Node Count : 226

Time nano : 67801144 nanosecondes
Time : 0 secondes 67 millisecondes 801 microsecondes 144 nanosecondes

Start Random Approach : 
Solution:
	List Vertex : 157 28 105 139 193 194 49 174 59 148 41 87 96 63 122 1 78 80 100 158 17 113 156 214 178 121 189 5 163 191 206 77 123 46 172 147 216 19 18 54 142 72 132 118 66 112 101 107 65 222 212 224 61 205 138 129 12 128 104 169 51 16 202 210 162 86 192 153 131 208 197 32 38 95 37 24 70 173 109 9 160 25 56 62 149 31 76 3 14 27 98 29 117 188 15 58 223 127 218 204 102 64 179 93 136 184 165 133 130 110 99 74 48 141 168 159 152 211 35 190 26 82 215 92 108 134 106 10 195 151 181 120 209 53 57 180 55 103 91 22 187 0 68 221 219 34 39 175 198 196 60 155 73 40 13 146 69 203 170 36 47 97 75 183 4 71 161 201 144 182 21 52 67 45 207 217 23 43 164 145 20 94 85 30 200 176 90 115 116 143 83 140 166 6 89 81 88 42 44 171 177 50 220 186 8 79 135 2 167 33 11 7 185 124 213 150 125 137 199 126 114 111 154 84 119 157 
	Cost : 38812
	Node Count : 226

Time nano : 4006687 nanosecondes
Time : 0 secondes 4 millisecondes 6 microsecondes 687 nanosecondes

Start Greedy approach : 
Solution:
	List Vertex : 0 199 2 197 3 196 4 5 6 7 8 9 10 11 12 13 14 15 16 19 202 18 17 21 20 22 23 207 24 25 33 32 34 29 201 205 30 215 218 216 76 77 78 79 80 94 208 93 92 91 90 89 86 209 83 82 81 84 85 130 210 129 221 128 127 126 125 124 123 122 121 120 174 119 184 118 117 185 186 116 115 222 114 113 112 111 110 109 108 107 106 105 104 219 103 102 101 100 99 98 97 96 95 220 27 203 28 31 37 36 35 38 39 40 41 42 43 45 193 217 192 195 191 190 198 132 189 224 46 1 206 48 50 56 55 54 51 52 53 69 70 71 72 73 74 75 68 67 66 65 64 63 62 61 60 59 58 57 49 223 47 44 194 204 188 26 187 183 181 172 180 173 179 178 175 176 177 171 170 169 168 167 211 213 150 149 148 147 146 145 152 153 154 155 156 143 142 200 141 140 139 138 137 136 135 182 134 133 214 163 164 165 166 151 144 158 159 160 161 162 157 212 131 87 88 0 
	Cost : 4647
	Node Count : 226

Time nano : 157150 nanosecondes
Time : 0 secondes 0 millisecondes 157 microsecondes 150 nanosecondes

Start Genetic approach : 
Solution:
	List Vertex : 169 183 122 222 61 110 180 172 208 165 146 153 149 164 104 1 74 102 189 73 72 0 44 20 15 19 2 207 32 14 16 18 22 45 118 4 37 52 30 215 35 192 77 28 49 178 184 65 129 112 86 108 160 221 85 89 88 155 213 97 197 47 181 114 115 87 81 92 25 24 78 34 11 38 98 198 223 43 195 120 48 188 186 117 177 161 133 137 144 116 175 173 152 138 134 214 127 58 53 96 203 201 21 99 26 3 196 54 132 67 9 10 143 212 107 121 185 60 101 83 70 68 209 93 13 40 57 55 91 130 128 124 156 154 145 136 157 12 33 211 142 168 150 131 66 151 147 210 167 162 140 139 126 158 159 141 220 23 69 79 100 63 39 6 179 148 166 106 125 42 176 200 135 163 182 64 80 71 171 109 111 103 51 94 90 219 170 119 56 95 82 29 224 217 5 8 46 50 62 113 204 191 216 76 17 36 7 199 41 187 190 75 123 206 27 84 218 205 202 31 105 194 193 174 59 169 
	Cost : 24034
	Node Count : 226

Time nano : 328777922 nanosecondes
Time : 0 secondes 328 millisecondes 777 microsecondes 922 nanosecondes


Graph 280 a280 : 2579
-----------------
Start Minimal Spanning Tree : 
Solution:
	List Vertex : 0 279 1 2 278 3 276 275 5 4 6 7 8 9 10 11 12 13 14 274 273 272 271 270 15 16 17 18 19 20 127 126 125 124 29 30 28 27 26 25 21 24 22 23 31 32 33 123 122 121 120 119 118 156 157 158 159 174 160 161 162 163 164 165 166 167 168 100 99 98 101 102 103 104 105 106 172 173 107 108 88 80 78 79 81 82 83 84 64 63 65 66 67 68 69 70 71 72 73 74 75 76 77 89 90 91 92 93 94 95 96 97 109 110 111 87 113 112 86 114 115 85 116 117 60 59 42 41 40 39 38 34 35 37 36 61 62 58 43 44 45 46 47 48 49 50 51 52 53 54 55 56 57 169 170 171 128 153 154 152 155 151 150 176 175 180 179 178 181 182 183 184 186 185 187 188 189 190 191 177 129 130 131 132 133 134 135 136 137 138 139 140 141 142 143 199 200 195 194 201 202 203 204 147 146 145 144 198 197 196 192 193 148 149 265 264 263 262 261 260 259 258 257 256 253 252 207 205 206 209 210 213 214 217 218 221 211 212 215 216 219 220 208 251 254 255 248 247 249 246 243 240 241 242 244 239 238 237 236 235 234 245 230 231 232 233 250 229 228 227 226 225 224 223 222 266 267 268 269 277 0 
	Cost : 3570
	Node Count : 281

Time nano : 111981059 nanosecondes
Time : 0 secondes 111 millisecondes 981 microsecondes 59 nanosecondes

Start Random Approach : 
Solution:
	List Vertex : 148 257 247 207 50 166 74 187 1 29 19 15 130 47 256 242 200 106 149 233 30 43 129 261 105 80 245 136 48 86 5 25 53 84 75 92 262 211 154 61 73 109 176 145 28 2 14 184 209 263 38 186 216 155 264 113 9 4 219 96 117 229 210 226 183 238 100 69 220 157 279 76 67 57 12 222 276 55 20 93 82 52 64 71 17 165 122 95 110 41 146 70 203 137 260 234 231 81 102 158 101 259 251 278 232 24 40 114 7 79 221 21 78 127 181 59 172 150 248 62 123 3 199 174 142 255 125 66 26 141 135 107 68 10 161 13 160 167 196 177 119 99 274 22 16 236 269 118 250 168 192 46 116 169 271 6 277 194 51 115 88 31 270 240 252 42 120 83 249 227 0 104 163 258 8 272 11 175 27 143 182 164 54 191 87 195 111 190 241 133 132 33 34 197 108 90 237 162 35 235 23 49 97 179 230 60 185 188 44 218 212 39 204 189 58 178 253 65 217 228 77 98 37 94 201 224 138 239 170 225 268 159 266 208 128 45 147 85 126 215 18 144 153 134 193 112 91 171 275 243 202 152 214 139 223 140 205 206 121 56 173 103 156 267 198 244 32 151 265 180 213 254 273 36 124 246 63 89 72 131 148 
	Cost : 31567
	Node Count : 281

Time nano : 6850311 nanosecondes
Time : 0 secondes 6 millisecondes 850 microsecondes 311 nanosecondes

Start Greedy approach : 
Solution:
	List Vertex : 0 279 1 2 278 277 3 276 275 274 273 272 271 270 15 16 17 18 19 20 127 126 125 124 29 30 31 28 27 26 25 21 24 22 23 13 12 11 10 9 7 6 8 5 4 259 258 257 256 253 252 207 205 206 209 208 251 254 255 248 247 246 243 240 239 238 237 230 231 232 233 234 235 236 245 244 242 241 249 250 229 228 227 226 225 224 223 222 221 218 217 214 213 210 211 212 215 216 219 220 202 201 199 143 142 141 140 139 138 137 136 135 134 133 269 268 267 266 265 264 263 262 261 260 14 132 131 130 129 128 153 154 152 155 151 150 176 175 180 179 178 177 149 148 147 146 145 144 198 197 196 193 194 195 200 192 190 189 188 187 186 184 183 182 181 160 161 162 163 164 165 166 167 168 100 99 98 97 92 93 94 95 96 91 90 89 88 80 78 79 81 82 83 84 64 63 62 61 117 60 59 42 41 40 39 38 34 35 36 37 48 47 46 45 44 43 56 55 54 53 52 51 50 49 33 32 123 122 121 120 119 118 156 157 158 159 174 173 172 105 104 103 102 101 169 170 171 106 107 108 109 110 111 87 86 112 113 114 115 85 65 66 69 70 71 72 73 74 75 76 77 116 58 57 67 68 185 191 203 204 0 
	Cost : 3203
	Node Count : 281

Time nano : 251993 nanosecondes
Time : 0 secondes 0 millisecondes 251 microsecondes 993 nanosecondes

Start Genetic approach : 
Solution:
	List Vertex : 233 225 116 64 46 33 123 62 68 113 41 38 99 80 254 201 181 73 85 167 100 145 198 206 211 137 276 271 153 263 215 260 10 131 266 256 209 261 142 126 24 103 55 97 184 136 212 277 189 84 65 57 107 111 115 91 119 34 56 171 82 47 14 16 122 270 5 273 269 12 29 129 141 102 86 108 88 124 67 50 13 6 194 191 148 274 2 227 223 140 208 246 244 243 197 205 213 268 52 66 8 19 151 37 35 54 42 106 265 11 7 252 1 234 230 264 161 168 77 72 187 162 228 18 45 43 27 32 25 154 156 30 176 130 158 177 143 21 157 104 231 203 279 235 236 249 128 202 221 272 15 134 200 222 217 192 17 49 127 125 180 164 75 87 163 193 199 257 262 139 219 61 53 48 69 120 121 152 185 133 207 220 22 170 36 51 39 196 267 237 247 241 238 195 150 132 204 89 81 109 95 71 92 159 44 146 229 239 253 232 275 149 114 110 40 74 94 31 78 96 59 147 214 9 26 250 218 248 242 216 226 258 259 182 93 118 172 70 105 188 190 179 58 76 117 112 173 101 165 278 245 0 255 210 60 28 144 169 79 98 63 155 138 240 3 178 135 183 166 90 186 160 174 83 175 20 23 4 251 224 233 
	Cost : 20360
	Node Count : 281

Time nano : 515737384 nanosecondes
Time : 0 secondes 515 millisecondes 737 microsecondes 384 nanosecondes


